4.818	-24.381999	-25.330999
3.577	-31.316999	-21.607999
3.431	-34.310001	-19.125999
2.993	-38.397998	-15.695
2.19	-44.019001	-9.052
0.219	-44.091999	-9.125
-4.891	-40.806999	-13.724
-4.088	-38.909	-16.278999
1.679	-43.507999	-12.118
14.162	-47.814998	3.723
16.935998	-46.427997	13.067
29.857	-26.791	35.550998
56.209999	12.191	24.600999
56.355998	25.695999	13.432001
57.305	11.753001	2.263
20.659	-42.558998	23.433
-4.307	-36.208	33.579998
-20.659	-25.841999	34.674999
24.454999	-44.603	5.548
53.070999	-12.921	11.899001
45.843997	48.326	24.527999
40.806999	52.632999	28.396999
40.806999	52.632999	28.396999
35.404998	-16.497999	39.565998
21.826999	-11.169	49.128997
1.46	10.877	56.793998
10.731	41.026	53.144001
20.951	54.458	42.631999
31.535999	55.187999	37.813999
31.243999	53.144001	43.361999
29.564998	49.566997	47.742
18.687999	47.376998	52.486999
14.892001	47.596	52.267997
9.052	42.923999	53.216999
7.373	33.871997	55.990997
4.088	32.849998	55.698997
0.0	29.638	55.844997
0.073	21.826999	56.867
-0.146	18.104	56.721
-0.584	24.163	56.793998
1.971	38.689998	54.604
21.315999	53.946998	41.828998
38.105998	41.172	42.704998
43.727001	30.368	43.799999
47.304	7.665	43.507999
34.894001	-10.731	46.938999
25.184999	-9.344	51.173
7.154	-2.117	55.041999
0.146	-0.292	54.822998
2.409	-0.292	55.114997
21.753999	-12.41	49.420997
33.361	-16.132999	43.580997
39.784999	6.351	48.106998
27.01	23.067998	55.260997
17.958	31.900999	55.917999
8.395	40.952999	53.29
6.205	46.646999	50.953998
4.088	53.800998	45.625
-8.687001	54.530998	41.682998
-16.935998	50.807998	39.638999
-35.916	32.849998	30.149
-42.486	16.278999	17.081998
-43.142997	12.41	16.132999
-42.704998	5.913	16.205999
-36.864997	-6.716	30.368
-20.074998	-18.177	41.244998
17.228	-15.476	48.034
35.332	-7.3	44.311
52.194999	18.614999	33.141998
49.931999	35.77	32.557998
50.223999	35.112998	31.973999
50.953998	15.33	34.528999
26.352998	-19.855998	40.514999
2.993	-21.972999	44.603
-27.375	3.869	44.821998
-31.973999	17.155	41.974998
-30.732999	36.354	38.835998
-27.885999	48.544998	34.382999
-31.024999	44.383998	33.944999
-34.017997	12.337	40.952999
-3.066	-21.826999	45.770999
23.067998	-22.702999	41.682998
51.537998	10.293001	32.265998
37.595001	52.048999	31.024999
30.513999	59.568	17.666
14.016	64.823997	14.016
7.081	64.896995	11.461
7.081	64.896995	11.461
11.388	-7.446	-33.652999
12.045001	-29.93	-27.447999
-1.387	-49.785999	2.774
-27.958999	-28.177999	25.914999
-36.937999	-11.315	26.425998
-39.419998	19.928998	10.439001
-33.361	28.980998	3.869
-34.894001	26.425998	4.453
-41.682998	-3.942	13.432001
-32.703998	-27.375	14.308
20.147998	-46.866001	-4.745
41.464	-3.504	-22.848999
41.026	27.739999	-17.155
26.864	51.975997	-7.373
32.557998	37.083999	-18.322999
46.646999	10.366001	-18.906999
35.624	-39.638999	12.118
12.41	-44.967998	22.264999
12.41	-44.967998	22.264999
-35.258998	16.424999	-3.577
-27.520999	25.184999	-8.322
-20.659	25.768999	-14.454
-22.775999	10.147001	-18.104
-22.337999	-4.161	-19.855998
-23.433	-35.332	-2.336
-27.156	-33.506999	12.556
-30.732999	-11.242	36.354
-19.563999	11.899001	50.953998
-10.731	27.302	54.530998
3.212	48.763999	49.859001
-1.168	51.829998	46.500999
-6.424	50.881	45.259998
-18.104	40.952999	44.967998
-22.994998	31.535999	45.113998
-22.848999	29.857	45.551998
-21.461999	24.527999	46.208999
-19.928998	21.388999	46.427997
-14.016	15.768	50.443
10.804	37.375999	54.895999
28.323999	47.668998	44.967998
52.048999	28.688999	2.409
40.295997	-24.819999	-11.242
22.118999	-42.996997	-5.329
-10.658	-41.026	-9.855
-2.263	-40.149997	-13.943
16.497999	-34.236999	34.382999
11.023	15.622	57.085998
11.096	26.718	55.990997
15.549	40.588001	52.851997
50.369998	38.763	18.177
51.756999	21.680999	-2.555
33.506999	-15.987	-20.586
5.183	-26.060998	-25.111999
-11.461	-22.556999	-22.775999
-35.186	-9.125	-6.424
-40.514999	-3.504	6.935
-28.104999	-18.177	34.163997
2.92	-36.791999	34.820999
18.687999	-39.493	30.222
41.61	-30.149	25.184999
26.352998	-4.453	52.486999
10.074	8.176	58.326999
-15.695	16.059999	53.800998
-19.417999	14.673	51.611
-16.862998	9.855	52.048999
-6.57	20.367	55.406997
-2.482	27.885999	55.406997
0.365	44.967998	50.077999
19.198999	57.231998	39.419998
34.236999	54.092998	35.988998
35.550998	45.479	47.596
24.892999	45.770999	52.705997
-2.336	37.375999	57.085998
-27.01	4.891	47.376998
-30.222	-5.037	41.318
-38.105998	-7.008	27.083
-42.120998	7.446	14.746
-41.536998	13.724	10.147001
-38.617	24.163	14.308
-36.208	19.855998	31.754999
-31.900999	13.067	40.368999
-14.527	1.168	53.29
-1.971	-10.512001	53.216999
-1.971	-10.512001	53.216999
23.506	-26.060998	44.091999
24.600999	-27.958999	41.828998
19.563999	-31.024999	40.441997
14.965001	-35.988998	35.988998
35.550998	-26.425998	34.456001
43.215999	11.242	45.479
26.937	27.666999	55.114997
18.906999	28.980998	57.013
2.92	15.111001	57.743
3.212	12.41	57.159
3.723	18.614999	57.013
5.475	37.375999	53.874
15.184	42.120998	48.544998
53.144001	23.944	16.789999
27.812999	-21.024	-21.097
10.512001	-18.760999	-27.302
-2.044	3.723	-27.447999
-5.037	12.775	-23.652
-5.037	12.775	-23.652
-29.053998	13.651	-7.592
-30.003	14.6	1.241
-39.857997	13.724	21.097
-21.097	-26.133998	34.236999
-1.168	-40.880001	29.199998
35.550998	-40.076999	4.818
48.106998	-25.987998	1.533
49.274997	-0.584	36.718997
7.665	5.84	57.743
-0.511	8.906001	57.815998
-8.541	12.41	55.479999
-9.49	13.067	54.75
-5.84	13.286001	55.479999
6.205	21.388999	57.451
7.519	30.878999	56.063999
14.016	47.158	47.960998
44.383998	44.749	15.841
46.720001	32.047	-0.73
34.382999	-17.447	-20.513
8.176	-41.390998	-14.6
-13.213	-35.258998	-15.038001
-27.812999	-7.154	-16.424999
-36.062	10.220001	-5.037
-41.828998	4.599	6.716
-35.77	-25.622999	15.987
-25.330999	-36.280998	21.899999
-25.330999	-36.280998	21.899999
-19.344999	-18.833999	43.142997
-24.892999	-9.125	44.091999
-16.862998	-5.986	49.420997
3.577	9.928	57.815998
14.819001	19.928998	57.743
45.697998	35.842998	38.397998
57.888999	11.096	1.752
48.909999	-15.549	-10.804
0.365	-40.880001	-18.25
-21.243	-30.003	-16.570999
-38.325	-1.533	-4.453
-35.478	15.622	-5.256
-32.557998	19.052999	-7.519
-15.403	14.235	-24.017
10.658	-18.687999	-29.711
13.067	-35.988998	-20.951
8.468	-50.151	7.738
2.19	-44.675998	24.892999
2.19	-44.675998	24.892999
11.096	17.812	58.837997
20.367	31.900999	56.429
31.243999	44.821998	46.792999
43.142997	46.281997	35.988998
48.836997	37.229999	36.208
50.005001	1.825	38.033
45.551998	-21.607999	28.980998
13.651	-48.836997	-3.65
-13.943	-23.725	-23.579
-13.724	-5.621	-26.791
-3.869	20.001998	-26.572
-1.825	32.923	-21.097
-7.446	31.097999	-20.586
-35.332	5.986	-9.563
-37.813999	-20.294	14.089
-28.542999	-32.119998	21.024
7.957	-47.304	21.607999
25.111999	-41.756	24.163
48.544998	-9.855	34.674999
52.559997	19.855998	38.033
51.173	26.206998	39.055
43.507999	29.711	47.668998
17.52	31.097999	58.983997
8.468	28.396999	60.370998
-5.037	25.695999	58.399997
-8.541	23.506	57.159
-11.753001	18.614999	55.771999
-0.146	8.979001	57.451
7.738	9.49	57.669998
22.483999	20.659	56.429
55.479999	12.702	31.608999
54.530998	-9.49	-1.314
18.322999	-30.368	-24.965999
-1.241	-35.988998	-22.264999
-30.003	-31.097999	-3.212
-39.638999	-15.549	13.578001
-41.026	-8.322	14.527
-36.280998	-0.438	-6.789
-19.636999	-4.161	-22.921998
-5.767	-29.857	-22.118999
5.548	-42.704998	25.257999
6.278	-6.643	53.436
7.811	14.089	56.939998
20.659	42.704998	50.515998
27.885999	48.472	44.165
27.885999	48.472	44.165
39.127998	-24.163	31.827999
27.885999	-43.799999	5.183
2.044	-25.768999	-25.987998
-17.447	-7.957	-23.140998
-22.483999	-5.694	-19.417999
-16.497999	-3.65	-22.045999
-15.257	-33.944999	-12.702
-18.031	-40.588001	0.584
-14.454	-42.34	18.906999
-7.519	-41.756	26.425998
6.935	-40.734001	33.069
10.95	-41.244998	34.602001
4.307	-38.617	37.156997
-22.337999	-25.914999	35.696998
-41.244998	-6.789	17.008998
-40.734001	-0.219	3.139
-25.111999	0.584	-18.760999
-17.228	-15.184	-22.556999
-17.228	-15.184	-22.556999
14.6	-49.201999	6.132
14.965001	-45.916999	21.097
5.913	-14.965001	51.829998
4.088	7.957	57.888999
8.249	14.381	58.180999
13.505001	31.608999	56.283
16.716999	36.718997	55.187999
23.871	42.412998	53.144001
34.602001	37.595001	51.465
31.754999	33.506999	54.02
20.074998	32.703998	57.669998
12.556	31.389999	58.034999
12.337	27.01	57.888999
18.468999	23.433	56.575
22.191999	31.243999	53.800998
22.337999	36.645999	51.537998
32.193	36.864997	47.158
39.784999	36.572998	43.434997
44.675998	19.855998	45.770999
35.916	-29.345998	31.316999
25.841999	-44.675998	12.264
13.943	-32.339	-22.410999
21.607999	-11.899001	-28.250999
24.017	-1.46	-28.907999
15.914	-1.314	-30.732999
7.227	-7.081	-30.513999
-1.387	-10.804	-28.396999
1.095	-8.322	-27.812999
5.329	-8.906001	-27.739999
11.023	-11.534	-27.447999
12.264	-14.892001	-25.987998
14.965001	-16.059999	-26.352998
21.899999	-12.775	-27.01
24.017	-8.176	-28.104999
18.979999	-5.037	-30.805999
14.162	-16.789999	-29.199998
12.775	-19.271999	-27.666999
14.308	-16.059999	-26.206998
12.191	-13.359001	-27.375
0.219	-8.395	-28.031999
-31.827999	-10.512001	-10.731
-39.273998	-12.775	17.228
-38.471	-7.884	25.914999
-38.909	-12.629	18.177
-35.478	-22.337999	6.205
-15.841	-42.558998	-0.438
-7.446	-46.281997	9.344
-3.869	-43.727001	20.878
-3.285	-22.264999	44.457
-5.475	4.307	54.384998
-2.044	13.359001	56.355998
1.606	18.322999	57.451
1.606	-10.95	52.413997
0.073	-30.440999	40.441997
-7.811	-46.646999	13.943
-13.067	-44.091999	-2.044
-25.184999	-13.724	-18.177
-33.141998	1.46	-10.512001
-38.543998	7.008	-0.146
-41.390998	7.884	15.184
-37.887001	-9.782	26.499
-27.812999	-23.725	31.024999
4.161	-37.813999	34.382999
11.972001	-31.170999	40.003997
0.292	-9.855	52.121997
10.147001	-0.657	54.822998
21.17	11.242	54.895999
47.668998	19.344999	37.959999
46.354999	-24.819999	-0.803
26.937	-43.507999	-3.869
-23.433	-37.595001	-1.46
-36.354	-19.636999	1.752
-42.194	1.241	12.337
-38.835998	-17.958	13.286001
-31.608999	-28.469999	19.782999
-15.841	-20.586	43.727001
-13.724	5.402	53.728
-14.381	13.797	53.946998
-21.972999	20.805	49.566997
-20.513	3.358	48.836997
-9.636	0.292	52.486999
13.578001	14.162	56.429
23.433	23.140998	55.406997
59.640998	10.877	18.031
39.638999	-32.339	-7.738
22.045999	-42.631999	-11.607
-25.330999	-35.77	-4.672
-34.748001	-5.767	-9.125
-27.083	-2.336	-17.301
-10.001	-30.586999	-18.687999
5.11	-45.916999	0.219
10.512001	-7.738	51.027
20.805	22.556999	53.436
29.491998	27.812999	50.297
49.493999	-1.752	33.215
24.600999	-43.580997	-4.891
2.847	-40.880001	-16.716999
-21.461999	-21.024	-18.468999
-28.469999	-12.775	-14.016
-33.433998	9.709	-6.278
-33.506999	-4.745	-8.541
-24.09	-33.433998	-2.847
-17.958	-28.104999	34.528999
-7.446	7.154	54.968997
-2.482	19.636999	56.939998
6.351	32.703998	57.597
3.723	21.899999	60.152
-2.847	7.081	58.545997
-22.337999	-32.119998	28.761999
-27.375	-35.04	9.125
-27.375	-35.04	9.125
3.65	-35.550998	-18.468999
11.096	-45.113998	1.46
3.723	-10.585	49.859001
7.811	26.060998	55.479999
12.629	33.433998	53.800998
19.563999	37.887001	53.144001
18.760999	35.77	55.698997
12.556	34.090999	56.575
5.329	26.206998	56.939998
10.293001	26.499	56.283
24.017	41.61	48.398998
51.975997	30.659999	20.220998
51.975997	3.869	-2.555
17.739	-35.112998	-17.666
-33.871997	-16.789999	-5.037
-40.660999	-5.475	9.344
-33.725997	-14.6	30.659999
-26.791	-27.302	28.396999
-17.958	-30.805999	33.361
-15.184	-2.628	50.807998
0.292	-3.65	54.02
24.600999	8.687001	53.508998
52.340999	-11.607	16.789999
40.295997	-28.323999	-7.081
7.738	-23.871	-26.791
-8.249	-10.804	-26.791
-29.345998	10.731	-11.680001
-36.208	11.826001	-1.46
-35.186	4.015	-5.694
-21.388999	-36.208	-5.329
-24.673999	-31.681999	25.257999
-24.600999	-23.140998	34.674999
-13.651	-16.935998	44.967998
9.928	-2.482	54.458
21.315999	9.417	54.384998
48.034	6.059	34.236999
52.559997	-10.220001	8.322
23.944	-21.753999	-24.163
4.161	-17.666	-27.156
-2.044	-12.483	-26.937
-10.731	-0.657	-25.111999
-14.162	-7.154	-23.433
-10.147001	-27.812999	-19.198999
-4.453	-43.069999	21.826999
-1.022	-30.222	39.930999
-2.19	-0.876	55.771999
-6.935	14.892001	56.501998
-6.278	18.687999	56.575
-0.876	27.812999	56.137001
7.227	35.988998	54.238998
15.695	39.638999	51.902999
42.850997	41.464	34.456001
53.582	28.615999	12.41
38.251998	-6.424	-19.125999
7.446	-24.527999	-24.892999
-4.891	-23.286998	-24.163
-5.402	-11.826001	-26.572
1.533	-3.285	-27.302
7.957	-14.454	-27.593999
9.49	-43.727001	-4.161
-0.292	-43.873001	21.388999
-7.373	-38.325	29.857
-20.44	-24.381999	36.718997
-23.286998	-19.417999	38.397998
-23.286998	-19.417999	38.397998
9.928	6.789	55.771999
19.271999	18.833999	54.02
24.746999	37.521999	49.859001
53.800998	8.687001	22.191999
51.975997	-3.869	1.168
34.017997	-11.461	-21.243
22.848999	-15.33	-28.469999
-3.723	-20.294	-26.060998
-20.513	-14.746	-19.636999
-22.921998	-6.789	-19.636999
1.46	-30.076	-19.563999
25.549999	-36.5	16.497999
35.404998	-21.826999	30.440999
39.711997	6.351	44.091999
39.493	7.008	43.727001
41.464	5.694	42.34
52.413997	-3.796	25.184999
50.223999	-19.563999	9.052
27.593999	-35.842998	-14.892001
1.971	-29.053998	-25.257999
-18.468999	-21.753999	-21.024
-38.689998	-5.767	0.438
